错句,作文编码,国籍,性别,考试时间,作文题目,口试分数,作文分数,听力分数,阅读分数,综合分数,总分,证书
我们居住的乡间离市区有一千五百公里，交通极不方便，去上学的时候，一大清早要比公鸡{CJ+zxy啼叫声}还要早起；而回家时的一段路程更要绕道花[B化]上两个半小时。,200110540540250024,印度尼西亚,2,200110,我的童年,75,90,47,44,79,329,未参加,
妈妈因为经济上的问题无法供养姐姐，只好硬下心肠把姐姐放在外婆家看管。,200103680519201607,马来西亚,2,200103,我的童年,90,85,50,47,80,349,未参加,
童年的岁月虽遭时间的洗礼，但脚上的疤痕却是个烙印。,200103680519201610,马来西亚,2,200103,我的童年,75,90,70,78,98,405,B,
对了，爸妈，我们学校“五一”时连续放七天假，我想去旅行，我的一个朋友请我到他们家玩儿，[BC。]我已经同意了。,200104124520200331,蒙古国,2,200104,一封写给父母的信,65,90,58,51,70,325,C,
我一收到这封信，读完信，就拿笔写信{CJX}给您。,200104124506100419,巴基斯坦,1,200104,一封写给父母的信,75,85,58,51,65,327,C,
祝你们健康！,200105550523250026,韩国,2,200105,一封写给父母的信,70,75,74,73,70,351,B,
我希望你以后教我。,200105550523250027,韩国,2,200105,一封写给父母的信,75,65,52,56,65,300,C,
最近过得怎么样？,200105550523250060,韩国,2,200105,一封写给父母的信,80,70,49,58,51,298,C,
如果爸爸跟我一起的话，我不{CC没有}怕{CD的}。,200105550523250298,韩国,2,200105,一封写给父母的信,70,75,38,61,56,289,未参加,
我很爱你们！,200105550523250339,韩国,2,200105,一封写给父母的信,65,70,63,32,56,272,未参加,
谢谢爸爸，我爱您爸爸。,200105550523250340,韩国,2,200105,一封写给父母的信,75,65,44,47,49,267,未参加,
但连一次也没给你们写信{CJX}，觉得真对不起你们。,200105550523250469,韩国,2,200105,一封写给父母的信,65,70,49,70,63,303,C,
从现在开始我{CQ要}努力学习，希望{CC2想}能有让你们快乐的机会。,200105550523250527,韩国,2,200105,一封写给父母的信,70,65,60,35,58,274,未参加,
我每天努力学习，努力锻炼自己，将来一定让{CC使}你们满意和幸福。,200105550523250529,韩国,2,200105,一封写给父母的信,65,65,55,61,63,293,C,
在潮州过的两天比较有趣。,200105212525200039,日本,2,200105,我的一个假期,65,70,55,54,55,285,C,
小时候在寒假{CQ里}因为外面很冷，所以我{CQ在}屋里玩的时间比较多。,200105209525200014,日本,2,200105,我的一个假期,65,70,80,75,72,348,C,
特别令我吃惊的事情就是他家真的很穷。,200105209525200018,日本,2,200105,我的一个假期,70,65,80,79,83,363,C,
并且{CC且而}，{CJ-zhuy那时}正好是初夏，各种各样的花盛开着，增添{CC增长}了园林的美丽。,200105201525200010,日本,2,200105,我的一个假期,70,85,82,72,90,391,B,
既然我们来到西安，就要去参观兵马俑。,200105201525100046,日本,1,200105,我的一个假期,65,75,57,58,66,308,C,
我虽然{CQ在}杂志上、[BC，]电视上看到{CC感到}{CQ过}上海的面貌，可是现实的上海比我想像的还繁华{CC荣华}，还美。,200105302525200045,日本,2,200105,我的一个假期,65,70,57,56,57,291,C,
忘了朋友之间的友谊，忘了同事之间的相互帮助，相互理解。,200105109529200478,泰国,2,200105,由“三个和尚没水喝”想到的……,85,75,70,64,79,365,B,
我是个{CJ+zy十分}被父母娇惯的孩子。,200105109525200602,日本,2,200105,由“三个和尚没水喝”想到的……,70,75,68,71,86,359,C,
我认为本文里的和尚指的是我们任何人。,200105109525200803,日本,2,200105,由“三个和尚没水喝”想到的……,80,70,77,53,82,352,C,
如果她不愿意他帮助她自杀，他该受到法律的制裁。,200205204525100019,日本,1,200205,如何看待“安乐死”,60,65,35,45,37,225,未参加,
但周围的人看死{CJ+buy下去}的过程。,200205204525100038,日本,1,200205,如何看待“安乐死”,65,55,33,49,51,235,未参加,
但是，现在的法律，没有安乐死方面的规定{CC规律}。,200205204525200045,日本,2,200205,如何看待“安乐死”,65,60,19,60,54,241,未参加,
那为什么发生这样的事情呢？,200205204525200145,日本,2,200205,如何看待“安乐死”,60,65,55,47,32,242,未参加,
周围的人劝她把他杀掉，[BC、]但她不接受，这样持续{CC继续}了共二年，[BC、]他终于醒过来了。,200205204525100166,日本,1,200205,如何看待“安乐死”,70,70,69,56,56,309,C,
对丈夫来说，看妻子难过的样子实在受不了。,200205224525100013,日本,1,200205,如何看待“安乐死”,65,80,49,70,77,329,C,
还有另外{CQ一}个原因是家人的痛苦和经济负担的增加。,200205209525100017,日本,1,200205,如何看待“安乐死”,70,70,52,54,49,283,C,
如果病人不希望的话，任何人都绝对不能进行安乐死。,200205209525200029,日本,2,200205,如何看待“安乐死”,80,85,88,76,89,412,B,
我希望尊重病人的意志。,200205209525200089,日本,2,200205,如何看待“安乐死”,80,80,77,58,89,376,B,
我的看法是基本上同意“安乐死”。,200205209525200095,日本,2,200205,如何看待“安乐死”,65,80,63,63,63,322,C,
所以我觉得安乐死是可以的。,200205201525200134,日本,2,200205,如何看待“安乐死”,80,70,66,70,58,334,C,
如果我也得了一种不治之症的话，不想活下去的。,200205201525100158,日本,1,200205,如何看待“安乐死”,75,70,60,76,51,321,C,
如果她{CJ+zy正}愿意亲自停止他的生命的话，她有尊严地结束她{CC他}的生命的权利。,200205215525100001,日本,1,200205,如何看待“安乐死”,75,75,77,56,72,345,B,
什么方面需[L]要[D拿]考虑[B虎]呢？[BD！],200210529529151018,泰国,1,200210,如何解决“代沟”问题,65,55,37,29,30,198,未参加,
以前的人，生活在简单的环境中，对于发生在身边的事情，以最简单，最单纯的眼光去看{CC1观看}，去分析，最后以最简单的方式去解决。,200210529529251023,泰国,2,200210,如何解决“代沟”问题,75,85,78,91,93,415,B,
”王太对邻居这么发牢[B劳]骚。,200210540540250015,印度尼西亚,2,200210,如何解决“代沟”问题,70,65,62,71,86,340,C,
“代沟”不是现代的社会问题，它是自古已有的一种社会现象。,200210540540150029,印度尼西亚,1,200210,如何解决“代沟”问题,90,60,62,65,86,353,C,
从我自身来[F來]说[F說]，我自己上有父母，下有儿[F兒]女，这就有二种[F種]不同{CQ的}，涉及三代的代沟问[F問]题[F題]了。,200210540540150098,印度尼西亚,1,200210,如何解决“代沟”问题,65,80,78,93,91,395,B,
其实，时代{CC现[F現]代}不同了，我们年青人更应该体谅他们，有时也不必跟[B更]他们计较什么，只要我们年青的认[F認]为是对的，只是方法不同，那我们就接受他们；[BC，]而原则性[B形]问题，我们慢慢跟他们谈谈{CJcd}，也许{CJ-zhuy他们}一时不能接受，但最后，他们终会明白，虽然他们不说，可只要{CC只是}{CJ-zy互相}体谅什么都能解决的。,200210540540250095,印度尼西亚,2,200210,如何解决“代沟”问题,65,75,53,67,77,324,C,
必念大学不可的我，会[F會]努力的。,200203522522210010,缅甸,2,200203,记对我影响最大的一个人,70,65,57,64,61,303,C,
虽然那是我的兴趣，可我总觉得为了家庭，我必须那么做。,200205109519200479,马来西亚,2,200205,如何面对挫折,70,90,78,71,77,379,B,
我娘家在马来西亚中部，我教书的学校却离家乡三百英里，那时只好租一间房，在人生地疏的地方一切{CD由}自己动手。,200205109519200479,马来西亚,2,200205,如何面对挫折,70,90,78,71,77,379,B,
但是我认为[BQ，]怕挫折而只知道娱乐的人不对并不是因为他们对别人没有用，而是因为这些人使自己的生活单调。,200205109523200979,韩国,2,200205,如何面对挫折,70,60,59,43,48,265,未参加,
十八岁对我而言，是个成年的阶段了。,200205680519250029,马来西亚,2,200205,一封写给父母的信,80,80,60,65,76,353,C,
因为这个是我的人生，我不能一辈子靠您们扶持我走下去。,200205680519250029,马来西亚,2,200205,一封写给父母的信,80,80,60,65,76,353,C,
每逢母亲节或父亲节的时候，我都面临年终大考，有时突然而来的考试总让我吃不消，透{CC压}不过气。,200205680519150033,马来西亚,1,200205,一封写给父母的信,85,65,57,67,74,337,C,
我本来是随便翻阅，却被该故事深深吸引，对它爱不释手{CD的}。,200305533533150043,新加坡,1,200305,我最喜欢读的一本书,70,65,68,51,79,319,C,
在北京认识的中国、外国朋友都{CJ+sy是}使我长了不少知识。,200304131525100006,日本,1,200304,我学汉语是为了……,75,65,74,49,68,318,C,
所以，你趁你{CD这么}年轻就开始学习汉语，一定会有利于{CC3帮助}你的将来。[BC，],200304131525200138,日本,2,200304,我学汉语是为了……,65,75,30,35,49,241,未参加,
听到这个消息以后，我就想学习。,200304131525200198,日本,2,200304,我学汉语是为了……,65,70,50,65,57,293,C,
如果现在有人提这个问题，我的答案可能是[BD“]用中文工作，[BC”]但我的意思{CD就}是[BD“]我想睡在中国，[BC”]就是我想像中国人一样生活。,200304131525100229,日本,1,200304,我学汉语是为了……,70,70,47,54,66,295,C,
之前{CC2从前}几年到现在日本的经济一向不好，[BC。]因此高中退学者不好找工作，[BC。]若找到了也不是很好的{CC高级或中级的}，[BC。]算是打工的一种。,200304131525100244,日本,1,200304,我学汉语是为了……,65,70,38,57,43,259,未参加,
谁也找不到完全没有声音的地方。,200305576525200022,日本,2,200305,静音环境对人体的危害,65,65,41,60,68,283,未参加,
我看过一本书叫《海马》。,200305576525200029,日本,2,200305,静音环境对人体的危害,65,65,56,65,71,306,C,
所以人类生存、成长时，如果没有声音的话，有可能会影响人类的正常生活。,200305576525200047,日本,2,200305,静音环境对人体的危害,70,80,74,87,88,389,B,
我来北京之后经常看到这种令[B今]人震[B振]惊的现象——人{CQ们}抽完烟[B吸]之后随地扔掉。,200405109922101901,美国,1,200405,吸烟对个人健康和公众利益的影响,80,95,52,52,53,327,未参加,
吸烟还可染上毒瘾。,200405522522110002,缅甸,1,200405,吸烟对个人健康和公众利益的影响,70,80,44,60,61,305,未参加,
但是，你抽烟不抽烟对很多人来说，是无所谓的，只要不在他们面前或在同一场所抽烟，问题就自然地[B的]解[B结]决了。,200405209605200101,保加利亚,2,200405,吸烟对个人健康和公众利益的影响,80,80,66,49,70,337,C,
这项规定如果起作用，那{CD就}对不抽烟的人来说[BQ，]{CJ-zhuy它}一定会带来好处{CC利益}。,200405206635200126,俄罗斯,2,200405,吸烟对个人健康和公众利益的影响,70,65,44,47,47,259,未参加,
但我一直这样长大，现在可以理解她的心情{CQ了}。,200505109525100277,日本,1,200505,父母是孩子的第一任老师,65,55,46,46,57,251,未参加,
学习，运动都一样。{CP自己努力，有一定的结果。P},200505109525200327,日本,2,200505,父母是孩子的第一任老师,70,65,58,48,59,286,C,
父母疼[B痛]孩子，做前述的事也不得已的{CJsd}，但这个可以反过来说父母也不够忍耐。,200505109525200405,日本,2,200505,父母是孩子的第一任老师,70,70,56,48,54,286,未参加,
如吃饭之前去洗手，全家人整齐后才开始吃饭，遇到陌生人应该先跟{CC给}他打招呼，{CJ-zy应该}很容易跟同学们交朋友，去陌生地方也可以融入新生活等。{CJ+dy他们},200505109525100452,日本,1,200505,父母是孩子的第一任老师,80,75,53,46,57,302,未参加,
好！,200505109525100530,日本,1,200505,父母是孩子的第一任老师,65,50,58,38,48,240,未参加,
礼仪、[BC，]礼貌也是这样。,200505109525100543,日本,1,200505,父母是孩子的第一任老师,60,70,71,61,64,311,C,
所有的父母的任务{CJ-zy都}是这样的。,200505109525100543,日本,1,200505,父母是孩子的第一任老师,60,70,71,61,64,311,C,
我同意“父母是孩子的第一任老师”的意见。,200505109525200640,日本,2,200505,父母是孩子的第一任老师,75,70,69,58,59,320,C,
“这个世界上没有失败，只有暂时还没{CC停止}成功。,200505109525101108,日本,1,200505,父母是孩子的第一任老师,90,80,62,64,64,355,C,
我和我妈妈的爱好是一样的，去国外旅行、买一些漂亮的东西。,200505109525201392,日本,2,200505,父母是孩子的第一任老师,60,80,50,66,55,298,未参加,
父亲给我的影响没有母亲的多。,200505217525200101,日本,2,200505,父母是孩子的第一任老师,65,90,73,63,74,356,C,
另一个方面兴趣{CC趣味}方面{CJs}。,200505217525200104,日本,2,200505,父母是孩子的第一任老师,55,80,35,63,54,273,未参加,
就我而言，我小的时候完全受到父母[C]的影响。,200505217525200233,日本,2,200505,父母是孩子的第一任老师,85,75,65,61,58,336,C,
我和妹妹从小经常跟父亲[C]一起下棋。,200505204525200516,日本,2,200505,父母是孩子的第一任老师,60,55,50,43,58,247,未参加,
我坐船到上海办入境手续的时候，有一位中国女孩看{CC1看来}我匆忙的样子{CQ就来}帮助我。,200105205525100067,日本,1,200105,我的一个假期,75,65,52,72,66,317,C,
{CD在}那段期间[F間]是我一辈[F輩]子过[F過]{CQ得}最好的假期，当[F當]第三个[F個]礼[F禮]拜来临[F臨]时[F時][BQ，]我是依依不舍[F捨]地{CC的}走{CJsd}，我和他们[F們]家的佣人也成为了好友。,200110801821250011,新西兰,2,200110,我的一个假期,90,85,77,46,55,350,C,
那时候，[BC、]我做什么都{CC也}做得不好。,200112576525200020,日本,2,200112,如何面对挫折,65,65,54,73,69,310,C,
如果有不喜欢樱花的日本人，{CJ-zhuy他}一定是害怕虫子的。,200105271525100042,日本,1,200105,我的一个假期,70,80,47,61,66,314,C,
原来她们搞错了。,200105217525200080,日本,2,200105,我的一个假期,65,70,62,70,57,310,C,
在黄金周去旅游的人很多，而且我们四月中旬才决定，[BC、]所以日本国内比较有意思的地方都满了。,200105217525200083,日本,2,200105,我的一个假期,65,75,52,58,39,276,未参加,
那时候，我们偶然遇见{CC见过}{CQ了}她{CD了}。,200105217525200083,日本,2,200105,我的一个假期,65,75,52,58,39,276,未参加,
但是，实际上{CC3实际}，开始在农村里的生活{CQ时}，我遭遇了很多没想到的事情。,200105204525200022,日本,2,200105,我的一个假期,65,65,22,42,52,230,未参加,
”虽然父母那样说，但我仍然{CJX}最喜欢的中国城市是北京，[BC。]以后有机会还{CC再}想去。,200105204525100035,日本,1,200105,我的一个假期,70,80,70,46,72,328,C,
对于当地人{CC3他}的习惯，最{CJX}觉得有意思的是他们从早上八点一直[B至]工作到下午两点左右，回家吃午饭后不再上班。,200105204525200044,日本,2,200105,我的一个假期,70,90,80,58,70,361,C,
“爸，妈！,200105550523250066,韩国,2,200105,一封写给父母的信,75,75,68,56,61,325,C,
过了时间，如果你们是{CC会}我的子女，你们这样出生的话，我尽力报达你们。,200105550523250074,韩国,2,200105,一封写给父母的信,65,70,68,54,51,294,C,
这个假期{CC放假}的时候，您有空吗？,200105550523150084,韩国,1,200105,一封写给父母的信,65,65,27,21,42,204,未参加,
你们带着很丰盛的吃的东西，乘{CC骑}公共汽车啊，乘{CC骑}火车啊，只要看你的儿子，你们走了很远的路。,200105550523150101,韩国,1,200105,一封写给父母的信,70,65,49,54,56,280,C,
异国之情会容易发生矛盾，但我最看中的是爱情和智慧。,200105550523150128,韩国,1,200105,一封写给父母的信,80,80,68,54,61,335,C,
现在是挽节期。,200105550523250134,韩国,2,200105,一封写给父母的信,65,70,44,39,49,253,未参加,
父母亲[F親]，我实在对不起你们。,200105550523250146,韩国,2,200105,一封写给父母的信,75,70,55,65,74,328,C,
×××2001年5月12日,200105550523250160,韩国,2,200105,一封写给父母的信,70,75,49,54,72,309,C,
而且不久我奶奶去世。,200105550523250175,韩国,2,200105,一封写给父母的信,70,70,52,56,61,297,C,
祝您们健康！,200105550523250187,韩国,2,200105,一封写给父母的信,65,65,44,47,47,252,未参加,
迄今为止，他不骗[B偏]我，爱我。,200105550523250194,韩国,2,200105,一封写给父母的信,65,65,14,37,45,210,未参加,
二00一年，初夏二子，××拜上,200105550523150247,韩国,1,200105,一封写给父母的信,70,65,49,47,63,280,未参加,
在学校我自己做纸花送给你们{CD了}。,200105550523250258,韩国,2,200105,一封写给父母的信,70,70,55,42,74,299,未参加,
妈说{CC写}虽然最近有很多困难，但是有我和妹妹你们{CQ就}幸福。,200105550523250271,韩国,2,200105,一封写给父母的信,65,65,68,42,58,282,C,
今年一月大学毕业以后，还没找到工作。,200105550523250302,韩国,2,200105,一封写给父母的信,65,70,33,49,51,254,未参加,
“非常感谢你们对我的照顾！,200105550523250371,韩国,2,200105,一封写给父母的信,75,70,60,58,74,326,C,
我呢，你们不用担心，身体[B本]很健康。,200105550523250394,韩国,2,200105,一封写给父母的信,75,70,66,51,54,305,C,
是吗？,200105550523250424,韩国,2,200105,一封写给父母的信,70,60,41,42,38,236,未参加,
弟弟在汉城学习。,200105550523150435,韩国,1,200105,一封写给父母的信,65,60,38,37,45,228,未参加,
我很抱歉{CC2对不起}没时间陪你们。,200105550523250441,韩国,2,200105,一封写给父母的信,65,75,44,56,38,265,未参加,
您们已知道吧？,200105550523150453,韩国,1,200105,一封写给父母的信,65,75,58,61,56,302,C,
父亲母亲:[BC；]我离开你们{CJ+zxy的时间}已经四年了。,200105550523250458,韩国,2,200105,一封写给父母的信,55,65,41,42,47,232,未参加,
我努力地帮助你们，你们[L]别忘{CQ了}，[BC！]你们的背后{CC后面}有我。,200105550523250486,韩国,2,200105,一封写给父母的信,65,60,41,35,58,242,未参加,
一个学期一完，我就回日本去。,200105206525200018,日本,2,200105,我的一个假期,65,70,42,44,57,264,未参加,
所以我放假的时候{CJX}每次{CJ-zy都}想回到日本{CD了}。,200105206525200029,日本,2,200105,我的一个假期,65,60,22,39,46,215,未参加,
总而言之，这个{CC次}假期对我来说[BD，]很有意义{CD的}。,200105206525100032,日本,1,200105,我的一个假期,65,70,77,68,63,329,C,
后来，我还是作为一个日本大学生回日本去，毕业后开始在一个贸易公司工作了。,200105206525200044,日本,2,200105,我的一个假期,65,65,70,39,63,286,未参加,
这个故事不但表示中国人的性格，而且表示世界上所有的人们的想法。,200105109525100319,日本,1,200105,由“三个和尚没水喝”想到的……,65,65,48,71,61,294,C,
目前，地球有很多问题。,200105109525100353,日本,1,200105,由“三个和尚没水喝”想到的……,65,80,39,40,55,267,未参加,
可是来了第三个和尚时，想法突然变了。,200105109525100358,日本,1,200105,由“三个和尚没水喝”想到的……,65,65,36,49,41,240,未参加,
我一边工作，一边觉得不舒服，[BC。]心理压力越来{CC了}越大了，[BC。]但是我不是新来的，打扫是{CJX}应该新来的负责的，而且我现在非常忙……[BD。]看办公室越来{CC了}越不干净，[BC、]开始影[F影]响[F響]工作{CQ了}，老板忍不住问大家擦桌子的事儿。,200105109525200424,日本,2,200105,由“三个和尚没水喝”想到的……,65,60,57,66,59,290,未参加,
教育是国家的根本。,200105109525100538,日本,1,200105,由“三个和尚没水喝”想到的……,75,65,50,55,66,298,C,
第三个和尚点了点头，说：“{CP第二个和尚说得{CC的}对。,200105109525200569,日本,2,200105,由“三个和尚没水喝”想到的……,70,65,43,62,55,281,未参加,
不过这篇{CJ-dy文章里}的和尚，三个人都是自私的。,200105109525200672,日本,2,200105,由“三个和尚没水喝”想到的……,60,70,43,55,70,283,未参加,
“依赖心”这个东西是好东西{CC2物}，还是坏东西{CC2物}？,200105109525200753,日本,2,200105,由“三个和尚没水喝”想到的……,70,70,73,69,77,347,C,
”那么，这样的措施算不算“仁”？,200205217525100019,日本,1,200205,如何看待“安乐死”,65,80,49,67,65,314,C,
为什么得活？,200205217525200082,日本,2,200205,如何看待“安乐死”,70,80,35,51,65,291,未参加,
不[B还]过，对{CC1对于}这{CQ个}问题的看法只有二{CC两}种。,200205217525200093,日本,2,200205,如何看待“安乐死”,65,60,41,31,44,224,未参加,
在现在的社会里，尤其{CQ对}“安乐死”的赞成与否{CC4赞否}是特别的在被人们注意{CJ-zxy的问题}。,200205205525200064,日本,2,200205,如何看待“安乐死”,75,75,80,54,51,325,C,
可日本的病人大多数都是在医院{CC病院}里死去的，所以{CQ即使}家人{CC家族}希望让病人安乐死，医院的医生也不会同意的。,200205206525200010,日本,2,200205,如何看待“安乐死”,80,75,55,51,51,303,未参加,
如果我{CC她}是她{CC我}的话，我就选择安乐死。,200205206525200025,日本,2,200205,如何看待“安乐死”,65,65,44,45,49,252,未参加,
应该{CJX}全世界{CJ-zy都}承认“安乐死”，否则的话她丈夫那样的事{CC人}还会{CC2又}出现。,200205206525100062,日本,1,200205,如何看待“安乐死”,70,65,27,45,49,242,未参加,
我想他的妻子也是{CD会}了解{CQ了}这一点，才向他提出要自杀的主意{CQ的}，因为她也许会想到，她得了这种不治之症，早晚{CC老早}都{CC就}会死的，所以提早死也不会连累到自己的丈夫，再说她死后，丈夫还是要生活，还是要吃饭{CJsd}，因此不如留{CJ-buy下}这些买止痛药的钱给自己的丈夫过将来的日子。,200205332513100014,柬埔寨,1,200205,如何看待“安乐死”,75,80,63,56,84,349,C,
上一辈要从下一代的立场来想，下一辈也要有从上一辈的立场来想的态[C]度。,200209550523250003,韩国,2,200209,如何解决“代沟”问题,65,70,69,54,60,304,C,
通过对话，才{CC只}能理解对方的思想、生活方式、价值观念等等。,200209550523250005,韩国,2,200209,如何解决“代沟”问题,75,70,78,79,72,363,B,
“了解对方”是解决此问题的最好方法。,200209550523150022,韩国,1,200209,如何解决“代沟”问题,65,70,75,79,76,351,C,
我相信如果两代人理解对方，而且说出来{CJX}自己的想法{CC3想的}，那这“代沟”问题会简单地{CC的}解决。,200209550523250082,韩国,2,200209,如何解决“代沟”问题,65,65,33,40,36,223,未参加,
简直可以享受[C]丰富的物质[B盾]生活。,200209550523150087,韩国,1,200209,如何解决“代沟”问题,65,60,60,69,68,305,C,
这个问题也不是一天、两天内能解决的问题嘛！,200209550523250111,韩国,2,200209,如何解决“代沟”问题,65,60,48,59,60,275,未参加,
所以，要解决代沟的问题父母应在孩子的立场理解孩子们，同样{CC相反}孩子们一定理解自己的父母，尊重自己的长辈。,200209550523150144,韩国,1,200209,如何解决“代沟”问题,60,70,48,64,52,279,未参加,
有的时候他们{CQ连}跟长[C]辈聊天都不要了。,200209550523250146,韩国,2,200209,如何解决“代沟”问题,70,65,60,64,58,303,C,
因此，我们不能忽视家庭的代沟问题。,200209550523250151,韩国,2,200209,如何解决“代沟”问题,65,65,75,76,60,325,C,
比如，建立{CD好}几个咨询所，以帮[C]助两者{CD之间}解决问题或互相了解。,200209550523250151,韩国,2,200209,如何解决“代沟”问题,65,65,75,76,60,325,C,
随着社会的发[C]展，人们的想法和生活上的观念也变化了。,200209550523150184,韩国,1,200209,如何解决“代沟”问题,65,65,63,57,66,300,C,
因此父母的对话能力很重要。,200209550523250207,韩国,2,200209,如何解决“代沟”问题,65,65,57,62,60,293,C,
而子女也{CD并}不应随随便便提出自己的主张，在{CC而}提出主张之前，应{CD要}再三{CC再次}思[C]考。,200209550523250243,韩国,2,200209,如何解决“代沟”问题,75,70,81,81,68,364,B,
如果你们知[B短]道这个问题的重要性也{CD要}理解别人的话[BQ，]这个问[B间]题可以很容易解决。,200209550523150285,韩国,1,200209,如何解决“代沟”问题,65,65,36,37,38,225,未参加,
子女们已经习惯了现代生活方式，而且他们追求新鲜的思考方式，他们常常感觉到[B倒]父母的思考方式是孤陋{CC苦陋}的，他们又想到和父母对话对他们没有帮助。,200209550523250823,韩国,2,200209,如何解决“代沟”问题,65,75,48,57,50,282,C,
总之，代沟[C]问[C]题是不会得到[C]彻底{CC完整}的解[C]决[C]。,200209550523250871,韩国,2,200209,如何解决“代沟”问题,65,65,63,79,68,324,C,
如果没有对话的话，当然不能互相了解。,200209550523250934,韩国,2,200209,如何解决“代沟”问题,65,75,54,71,64,316,C,
这个是很大的问题。,200209550523250941,韩国,2,200209,如何解决“代沟”问题,65,70,48,49,40,258,未参加,
那么我们如何解决这个问题呢？,200209550523250961,韩国,2,200209,如何解决“代沟”问题,65,65,48,59,44,265,未参加,
人和人之间有一个岛（就是“日”）。,200209550523250974,韩国,2,200209,如何解决“代沟”问题,75,70,75,71,70,350,B,
电视里有一个年轻的歌手唱歌，我很开心地跟着唱他的歌，但是我爸说，“这不像一曲完整的歌。,200209550523250976,韩国,2,200209,如何解决“代沟”问题,70,65,72,74,64,331,C,
要是你遇到挫折，你勇敢地面对它，你的能力会越来强{CJgd}。,200205109542200002,越南,2,200205,如何面对挫折,70,75,65,54,68,321,C,
我跟他们不一样。,200205109542200002,越南,2,200205,如何面对挫折,70,75,65,54,68,321,C,
有丈夫让她写的可能性，所以证明死者的要求就是很难。,200205271525100010,日本,1,200205,如何看待“安乐死”,70,80,49,56,54,299,C,
这不是在中国独有的问题。,200205271525100075,日本,1,200205,如何看待“安乐死”,80,75,55,60,80,341,C,
你也不会努力上进，你的人生完全会像[B向]无目的地在海上漂着的轮船一般[BQ，]没有目的、没有希望、没有快乐的活下去。,200304522522250006,缅甸,2,200304,静音环境对人体的危害,70,80,70,75,80,365,B,
大家要把心里的话说出来。,200304522522250009,缅甸,2,200304,静音环境对人体的危害,60,90,64,62,76,342,C,
造成环境污染的原因很多{CC甚多}，其中大部分的原因却是在于人类自己。,200306542542230012,越南,2,200306,口香糖与环境卫生,50,50,24,30,21,153,未参加,
有吃的东西，[BC、]可是不安全的话怎么行呢？,200307109525200038,日本,2,200307,绿色食品与饥饿,65,70,54,43,64,282,未参加,
如果一定要选一个，我要选吃“绿色食品”。,200307109523200104,韩国,2,200307,绿色食品与饥饿,65,70,70,49,64,304,C,
{CP在世界上有许多人。,200307109523100169,韩国,1,200307,绿色食品与饥饿,65,65,54,33,35,236,未参加,
那我们在生产{CC产生}农作物的情况下，怎么解决这[C]个问题呢？[BC！],200307109523200215,韩国,2,200307,绿色食品与饥饿,60,60,59,46,47,254,未参加,
如果你们[C]眼前有两棵{CC个}大白菜，一个{CD是}放了很多农药、肥料，看上去很新鲜。,200307109523200245,韩国,2,200307,绿色食品与饥饿,60,65,64,33,64,269,未参加,
专家估计现在世界上的饥饿人口{CJ-zy已}达到几亿{CJ+zxy人}。,200307109525100263,日本,1,200307,绿色食品与饥饿,70,85,78,67,79,371,B,
总之，“不挨饿”与“绿色食品”决不是矛盾的。,200307109523200283,韩国,2,200307,绿色食品与饥饿,95,95,83,80,96,448,A,
他们没有足够[C]的粮[F糧]食，随时要和死神战斗。,200307109501200290,中国,2,200307,绿色食品与饥饿,85,95,83,72,93,424,A,
这[C]样，援[C]助饥饿者{CC3饥饿}的产品也变少。,200307109523100331,韩国,1,200307,绿色食品与饥饿,65,80,64,67,76,340,C,
这两个问题应该等量齐观{CC相提并论}的，而不应该说把什么放在第一位。,200307109523200364,韩国,2,200307,绿色食品与饥饿,80,90,88,75,93,421,B,
大家都希望自己或自己的家庭能吃未污染的农产品[BQ，]我们这样的产品叫绿色食品{CJba}，但现在绿色食品的价格很贵的{CJsd}。[BC.],200307109523200385,韩国,2,200307,绿色食品与饥饿,65,80,64,49,73,319,C,
可见，我们为了环境和身[B良]体[B休]健康该吃绿色食品吧。[BC.],200307109523200410,韩国,2,200307,绿色食品与饥饿,60,70,62,35,58,270,未参加,
我认为首先国家要管得严，[BC。]在法律上定好这类的法律项目，[BC。]如果法律上不定好的话可能会带来很多问题。,200307109523200500,韩国,2,200307,绿色食品与饥饿,65,65,67,33,53,267,未参加,
减少饥[F飢]饿[F餓]是每一个[F個]地球人的责[F責]任[BQ，]现[F現]在，在全球有数亿[F億]人过着吃不饱[F飽]、[BC，]穿[C]不暖的生活，特别是儿[C]童，他们随时[F時]和死亡在做斗争。,200307109525100521,日本,1,200307,绿色食品与饥饿,75,65,72,56,84,339,C,
虽然我们生活富裕了，我们已经[C]有吃“绿[C]色食品”的经[C]济[C]条件，但是我们绝[B决][C]不能忘记生活在“死亡线”上的和我们一样的“人”。,200307109525100521,日本,1,200307,绿色食品与饥饿,75,65,72,56,84,339,C,
那么，如何解决{CC对应}饥饿问题呢？,200307109523100526,韩国,1,200307,绿色食品与饥饿,70,70,75,59,84,346,C,
我们都知道[C]，在农作物的生长过[C]程中，如果使用化肥和农药，就会提高产量，可是农作物[L]会受到化学污染，有害于人体的健康；不用化肥农药，农作物的产量就会降低，而世界上[C]有几亿人因缺少粮食而挨饿。,200307217523200027,韩国,2,200307,绿色食品与饥饿,90,70,78,51,76,358,C,
所以，我们消费者不得不吃这些农作物。,200307217525100055,日本,1,200307,绿色食品与饥饿,60,65,56,54,64,282,未参加,
现代人因为生菜里有化肥和农药，不爱吃一般生菜，挑“绿色食品”吃，这[C]样的人也能说是一个只知道[C]自己的人，你在挑“绿色食品”的时候，地球上的一部分人由于饥饿而死去。,200307217523100111,韩国,1,200307,绿色食品与饥饿,65,60,67,51,58,284,未参加,
所以{CQ在}这样的情况{CQ下}我们不能只做绿[C]色食品，[BC。]这样的话粮食{CC食粮}越来越少。,200307204523200085,韩国,2,200307,绿色食品与饥饿,60,55,59,35,27,217,未参加,
过[C]去人们只是为了满足“吃饱”这[C]一个生理上的需求[BQ，]而没注意到用过农药的食物会给我们带来一些{CC哪[C]些}{CD的}不好影响。,200307204525100123,日本,1,200307,绿色食品与饥饿,80,85,72,64,81,376,B,
支持饥饿者说，使用过农药{CQ的}产品的影响是有限的。,200307205523100041,韩国,1,200307,绿色食品与饥饿,60,60,62,46,53,263,未参加,
还有由于环境污染[BD，]而造[C]成了产量大大降低，还有世界上还有一些人，特别是亚洲、非洲一带许多人，达[C]到几亿人因缺少粮食[C]而挨饿{CJ-zxy的程度}。,200307205523100076,韩国,1,200307,绿色食品与饥饿,70,65,62,49,61,293,C,
就是小孩子们。,200307205501100081,中国,1,200307,绿色食品与饥饿,70,60,48,38,41,242,未参加,
我觉得“绿色食品”有利有弊，因为现[C]在人想生活更方便[B使]，所以这种食品非常适合现代化{CJ-zhuy的生活}。,200307212540200018,印度尼西亚,2,200307,绿色食品与饥饿,70,65,59,33,58,271,未参加,
但是，农作物受到化学污染，吃了会有害于人的健康的话，科学[C]进[L]步也怎么有用呢？,200307212525100037,日本,1,200307,绿色食品与饥饿,65,65,67,70,73,324,C,
要提高自己的生活，就得用农药和化肥。,200307209628200050,圣马力诺,2,200307,绿色食品与饥饿,60,65,43,33,56,240,未参加,
现在我浪费的食物，说不定能救[B求]活一个生命。,200307201523200003,韩国,2,200307,绿色食品与饥饿,75,75,72,49,79,340,C,
尤其是生活在城市里的人更加如此。,200307201523200040,韩国,2,200307,绿色食品与饥饿,55,65,72,46,64,284,未参加,
首先，我们已经吃了不少[B小]的用化肥和农药来种的农产品。,200307201523100047,韩国,1,200307,绿色食品与饥饿,70,70,72,64,61,325,C,
那么什么样的食品是绿色食品呢？,200307201523200056,韩国,2,200307,绿色食品与饥饿,60,50,59,49,64,262,未参加,
可是地球环境也重要。,200307201523200084,韩国,2,200307,绿色食品与饥饿,70,70,54,41,56,279,未参加,
首先多个国家很重视各个国[C]家国[C]民的健康。,200307201523100094,韩国,1,200307,绿色食品与饥饿,65,60,67,59,53,287,C,
对于这个问题，我的看法是这样的，我认为这个问题很难说哪个是第一位。[BC.],200307302523200029,韩国,2,200307,绿色食品与饥饿,70,65,72,59,81,333,C,
我认为，我们必须首先确保全球人民不挨饿，然后发展“绿色食品”。,200307302523200032,韩国,2,200307,绿色食品与饥饿,95,85,80,78,96,432,A,
不管我们愿不愿意也得受环境污染的影响。,200307302523100047,韩国,1,200307,绿色食品与饥饿,65,65,67,64,67,312,C,
提这个问题就是说明我们的饮[L]食文化水平提高{CD得}不少了，[BC.]这就是我们现代人的情况。,200307302523200043,韩国,2,200307,绿色食品与饥饿,70,70,67,70,61,326,C,
所以“绿色食品”和不挨饿都很重要。,200307302523100051,韩国,1,200307,绿色食品与饥饿,80,70,72,59,87,358,C,
所以每一天，每天{CC2每个日[C]}很多人因在饥饿当中{CQ而}死了。,200307302523200056,韩国,2,200307,绿色食品与饥饿,75,60,67,54,70,312,C,
而且现在世界有些国家发展的很快，人的生活水平非常高，吃、喝不成问题了。,200307302523200072,韩国,2,200307,绿色食品与饥饿,80,70,67,59,64,330,C,
{CP因为化肥和农药，缺少了粮食而挨饿。P},200307302523200078,韩国,2,200307,绿色食品与饥饿,65,65,62,38,44,258,未参加,
比如说，我自己遇[C]见过[C]这[C]和的情况：人会吃普通[C]的西{WWJ},200307302635200099,俄罗斯,2,200307,绿色食品与饥饿,75,50,51,35,44,239,未参加,
但是，我们得考虑以[L]下几个方面的问题。,200307302523200105,韩国,2,200307,绿色食品与饥饿,75,75,75,78,87,380,B,
简[B间]直[B值]是一种理想的方案[B安]。[BC.],200307302523100132,韩国,1,200307,绿色食品与饥饿,70,65,83,62,67,333,C,
总而言之，我认为，尽量给地球上所有的人提供食物是我们人类的责任。,200307206525100009,日本,1,200307,绿色食品与饥饿,70,80,78,75,96,389,B,
在世界上还有很多饥饿的人。,200307206525200034,日本,2,200307,绿色食品与饥饿,65,80,67,51,70,321,C,
随着社会发展，人们{CQ对}吃的东西越来越{CC3很}重[C]视。,200307215523150017,韩国,1,200307,绿色食品与饥饿,60,45,54,54,76,267,未参加,
分开了以后难道能好好学习吗？[BC，],200310520520150009,蒙古国,1,200310,我对男女分班的看法,65,60,36,39,42,225,未参加,
这会导致对异性的知识{CJX}缺乏。,200310576525100006,日本,1,200310,我对男女分班的看法,60,75,66,75,67,329,C,
不谈恋爱的话学生们能{CC1应该}专心{CC集中}学习吗？,200310576525100021,日本,1,200310,我对男女分班的看法,60,70,49,70,67,301,未参加,
不是家长，也不是学校的老师，而是孩子们来决定自己{WWJ},200310576525200046,日本,2,200310,我对男女分班的看法,55,70,49,61,65,284,未参加,
自学校被强制关闭以后，我们这些才读中学的初中生，都和书报脱了缘。,200310540540250009,印度尼西亚,2,200310,谈有效阅读,60,50,54,35,64,243,未参加,
我觉得阅读一篇文章，首先应该让{CJ+dy一}人人对阅读感兴趣。[BC，],200310540540250031,印度尼西亚,2,200310,谈有效阅读,60,75,48,40,66,275,未参加,
要得到好的东西，必然{CJ-zy需要}花[B化]很多时间和力气。,200310540540250068,印度尼西亚,2,200310,谈有效阅读,65,60,61,33,48,250,未参加,
谈[F談]{CJ-buy到}有效阅读这个题目，我又想起以前上中学的年代。,200310540540150073,印度尼西亚,1,200310,谈有效阅读,70,70,70,62,82,342,C,
大部分[B份]学者都指出，男女混合式教育能帮助青少年{CC3孩童}学到书本里学不到的东西：比如沟[F溝]通能力，表达[F達]能力和与人相处的种种技巧等等。,200311952634130009,英国,1,200311,我对男女分班的看法,70,75,77,73,83,367,B,
我对汉语开始有兴趣大致{CQ在}四年前。,200304131540200048,印度尼西亚,2,200304,我学汉语是为了……,65,75,47,65,63,302,C,
若学生不能排除对异性相处的心理障隘，那工作上的表现可要交白卷啦！,200306680519250019,马来西亚,2,200306,我对男女分班的看法,80,90,82,65,74,386,B,
他是一位大学生，常常都在功课上帮助{CC协助}我。,200306680519250019,马来西亚,2,200306,我对男女分班的看法,80,90,82,65,74,386,B,
总的来说，男女分班的做法实在是利多于弊的，万万不可实行。,200306680519250040,马来西亚,2,200306,我对男女分班的看法,85,95,87,75,100,438,A,
我们到发[C]明这[C]样“无害化肥”{CQ之前}，只好{CQ继续}考虑{CD下去}“绿色食品”和不挨饿两个矛盾的问[C]题。,200307271525100039,日本,1,200307,绿色食品与饥饿,65,75,67,51,64,309,C,
现在很多国家，面临{CC剧面}这[C]个问题，我的国家也{CJX}以前常常讨论{CD过[C]}使用化肥和农药生产的农作物对人危害到什么程度。,200307271523100044,韩国,1,200307,绿色食品与饥饿,65,60,48,43,73,272,未参加,
如果不用它，农作物产[C]量就大大降低，[BC、]从而导致世界上几亿人因缺少粮食而挨饿。,200307271523100086,韩国,1,200307,绿色食品与饥饿,75,70,78,54,76,342,C,
不喜欢烟味的还[C]有闻到烟味会受到不好的影响的人，应该会有自己不{CJX}闻到烟味的自由。,200405109523200579,韩国,2,200405,吸烟对个人健康和公众利益的影响,65,60,55,56,55,274,未参加,
如果在家里有的家长吸烟的话，{CQ除}家长以外，当时在家里的所有人都{CQ会}不知[B如]不觉{CQ地}间接吸烟。,200405109523100663,韩国,1,200405,吸烟对个人健康和公众利益的影响,65,60,57,33,57,255,未参加,
有的人{CJ-sy觉得}吸不吸烟是自己的爱好，但自己的爱好{CD对}给别人{CJ-sy带来}不好的影响[B象]的话，吸烟[C]的人应该考虑{CC照顾}别人。[BC，],200405109523200786,韩国,2,200405,吸烟对个人健康和公众利益的影响,65,60,45,46,39,238,未参加,
这是迄今为止对吸烟者最为严厉的惩罚措施。,200405109523100827,韩国,1,200405,吸烟对个人健康和公众利益的影响,70,65,55,29,55,260,未参加,
因此我[C]觉[C]得社会[C]和[C]公共部门的作[C]用非常重要。,200405109523100943,韩国,1,200405,吸烟对个人健康和公众利益的影响,90,65,69,60,70,345,C,
一来，吸烟对吸烟者的健康十分有害。,200405109523100953,韩国,1,200405,吸烟对个人健康和公众利益的影响,85,65,52,52,68,311,未参加,
到了那个时候，后悔是来不及的。,200405109523101004,韩国,1,200405,吸烟对个人健康和公众利益的影响,75,65,71,81,79,358,B,
我也想{CD该}戒烟，还劝朋友们[BQ，]我们一起戒烟吧。P},200405109523101054,韩国,1,200405,吸烟对个人健康和公众利益的影响,65,60,57,41,48,254,未参加,
目前在韩国的某一个大企业进行实习{CD工作}的人。,200405109523201023,韩国,2,200405,吸烟对个人健康和公众利益的影响,70,65,64,58,57,300,C,
吸烟和间接吸烟[L]是对个人的身体健康和精神健康很有害的。,200405109523201148,韩国,2,200405,吸烟对个人健康和公众利益的影响,60,60,55,56,55,268,未参加,
可是抽烟带给{CC2给}人们的影响并不少，所以绝不能轻视抽烟的问题。,200405109523201165,韩国,2,200405,吸烟对个人健康和公众利益的影响,70,60,45,58,59,277,未参加,
其实我不抽烟[BQ，]所以我不知道烟的味道。,200405109525101309,日本,1,200405,吸烟对个人健康和公众利益的影响,60,60,19,37,44,202,未参加,
烟含有{CC2含}很多毒[C]品，当然那些东西对吸烟者{CJ-sy有}影响[B向][BQ。]根椐科学家研究[C]，烟慢慢儿伤害吸烟者身体，而且它能造成{CC2造}精[C]神上的问题。,200405109523101453,韩国,1,200405,吸烟对个人健康和公众利益的影响,65,65,59,35,46,254,未参加,
抽烟的人经常自称“爱烟家”，他们不顾社会上有许多专家提醒吸烟的有害性，尤其是对呼吸道病患者和孕妇的影响，却说“我就要抽”，甚至说“我就不相信他们说的所谓‘有害性’”[BQ，]使人实在无可奈何。,200405109525201480,日本,2,200405,吸烟对个人健康和公众利益的影响,80,80,81,75,93,401,B,
这个事实所说的是什么呀？,200405109523201559,韩国,2,200405,吸烟对个人健康和公众利益的影响,70,65,57,77,66,321,C,
“公共场所”是一个大家一起共有{CC公有}的地方，而与个人的空间不同。,200405109525201568,日本,2,200405,吸烟对个人健康和公众利益的影响,70,75,59,62,64,319,C,
以前，大部分男人吸烟。,200405109525201602,日本,2,200405,吸烟对个人健康和公众利益的影响,55,75,48,58,50,271,未参加,
但是允许抽烟的地方越来越少了。,200405109525201640,日本,2,200405,吸烟对个人健康和公众利益的影响,65,55,50,62,61,275,未参加,
迄今在商业中心普及的措施有对吸烟者{CQ更}为严厉的惩罚。,200405109525101682,日本,1,200405,吸烟对个人健康和公众利益的影响,55,70,57,60,57,283,未参加,
。,200405109525201699,日本,2,200405,吸烟对个人健康和公众利益的影响,55,60,36,54,41,227,未参加,
最好我们{CQ养成}互相考虑健康的良好习惯。,200405109525101736,日本,1,200405,吸烟对个人健康和公众利益的影响,65,60,55,54,59,276,未参加,
在我国日本，电车{CD里}等{CD的}公共场所是绝不能吸烟{CJsd}。,200405109525101768,日本,1,200405,吸烟对个人健康和公众利益的影响,70,55,64,52,57,282,未参加,
现在世界上抽烟的人很多。,200405109523201790,韩国,2,200405,吸烟对个人健康和公众利益的影响,60,70,28,25,30,198,未参加,
但是，我不能接受这次{CJX}政府的决定。,200405109525201876,日本,2,200405,吸烟对个人健康和公众利益的影响,70,80,76,73,75,364,B,
因此这项规定会减少青少年{CC青少人}接触吸烟行为和习惯的机会，从而让他们专心学习和培养其他的爱好。,200405109525101900,日本,1,200405,吸烟对个人健康和公众利益的影响,85,90,71,66,75,383,B,
如果允许在公共场所随便吸烟的话，[BC、]会引起社会的问题，[BC、]例如健康、教[C]育、城市环境等{CJ-zxy方面}。,200405109525201904,日本,2,200405,吸烟对个人健康和公众利益的影响,75,85,50,56,59,318,C,
提高[BQ，]人们{CC2与}自然而然地被提醒自己的身体[C]健[C]康由于抽烟{CJ-sy变得}多么不好了，同时由于自己的抽烟多么多的周围{CJX}家人和朋友们遇到压力和困难。P},200405109523200527,韩国,2,200405,吸烟对个人健康和公众利益的影响,70,80,58,58,63,319,C,
发生这种情况的原因是不但国家采取措施，而且吸烟对个人健康和公众利益{CJ-sy产生}的影响。,200405109523200644,韩国,2,200405,吸烟对个人健康和公众利益的影响,80,65,58,77,73,341,C,
如果妈妈怀孕中[BD，]吸烟的话，孩子可能是残疾人。P},200405109523200644,韩国,2,200405,吸烟对个人健康和公众利益的影响,80,65,58,77,73,341,C,
在东京，如果有人违反规定在公共场合吸烟，他就可能付罚[C]款。,200405109525200790,日本,2,200405,吸烟对个人健康和公众利益的影响,70,75,72,68,73,347,B,
如今，在公共场[C]所，允许抽烟的地方越来越少了。,200405109523201155,韩国,2,200405,吸烟对个人健康和公众利益的影响,55,60,64,68,83,311,未参加,
我认为吸烟对上述的两个问题的影响都不好。,200405109525200183,日本,2,200405,吸烟对个人健康和公众利益的影响,70,85,79,64,75,365,C,
韩国人经常说：“现在我们用的地方、东西都是我们后代的”。,200405109523100360,韩国,1,200405,吸烟对个人健康和公众利益的影响,70,75,57,37,43,271,未参加,
既然吸烟对人身有害，那么吸烟的人不应自私自利地随便吸烟，[BC。]而且孕妇和小孩子因{CC从}吸烟受到的影响比一般成年人多。,200405109525201317,日本,2,200405,吸烟对个人健康和公众利益的影响,60,65,69,68,62,307,C,
这个情况对卖烟的公司来说，是非常不好{CC难过}的情况。,200405204525200354,日本,2,200405,吸烟对个人健康和公众利益的影响,65,60,22,47,54,231,未参加,
街上碰到妇人，烧[C]{CJ-buy坏}她们的衣服怎么办？,200405204525100433,日本,1,200405,吸烟对个人健康和公众利益的影响,70,90,68,65,79,365,C,
抽烟者认为抽烟{CJ+sy是}属于个人爱好，既然知道抽烟对自己身体的毒害，{CJ-zy应该}再{CJ-zy也}不需要别人的提醒{CC干涉}。,200405204525100435,日本,1,200405,吸烟对个人健康和公众利益的影响,60,80,66,56,70,319,C,
除了吸烟人本身以外，周围的人也受到不好影响。,200405205525200115,日本,2,200405,吸烟对个人健康和公众利益的影响,65,85,79,63,72,354,C,
一般吸烟的人们，[BC、]他们也知道吸烟对个人的健康有不良的影响，[BC。]只是他们不重视自己的健康而已。,200405201525200002,日本,2,200405,吸烟对个人健康和公众利益的影响,60,75,60,54,63,298,C,
男女青年朋友们，一切还是随缘吧。,200410534533250009,新加坡,2,200410,最理想的结交方式,90,85,88,72,94,426,A,
所谓物以类聚。,200410534533250029,新加坡,2,200410,最理想的结交方式,75,90,55,54,82,350,C,
综上所述，我认为男女相识最理想的方式是自由恋爱的方式。,200410534533250061,新加坡,2,200410,最理想的结交方式,90,95,66,72,96,417,B,
这一过程{CQ中}{CD都是在}双方先{CQ初步}了解、再{CQ加深}了解，然后再决定，虽然不像一见钟情{CC一见钟心}和青梅竹马这么浪漫，但他们的婚姻将比较成熟，对家庭的意识较强以及对家庭的责任感也较强，离婚率也比较低。,200410534533250078,新加坡,2,200410,最理想的结交方式,70,85,74,67,96,384,B,
否则的话，一旦成为夫妻之后，就{CC才}发觉彼此性格不合，便会导至争执。,200410534533150113,新加坡,1,200410,最理想的结交方式,90,85,74,88,100,434,A,
综合以上的观点，不论从个人、[BC，]家庭及社会的观点来看，男女之间的交往都肩负着一定的社会责任。,200410534533150113,新加坡,1,200410,最理想的结交方式,90,85,74,88,100,434,A,
不要被自己的遐想所蒙骗了。,200410534533250132,新加坡,2,200410,最理想的结交方式,95,90,80,76,94,434,B,
人们的生活水平也越来越高，所以经济的发展也会不断提高。,200404140540100062,印度尼西亚,1,200404,运动员收入,70,65,65,67,63,316,C,
要当运动员应该从小培[B陪]养{CJ+buy起来的}，要有固定的时间学这学那、锻[Pduàn]炼[Pliàn]身体等等，甚至牺[Pxi]牲[B生]了他们的自由。,200404140540200251,印度尼西亚,2,200404,运动员收入,70,65,44,50,53,268,未参加,
以前{CC曾经}我的老奶奶就是因为吸烟患癌致死{CJsd}，所以可知尼古丁的危害{CC祸害}有多大！,200405680519250013,马来西亚,2,200405,吸烟对个人健康和公众利益的影响,75,95,77,83,94,418,B,
这样对个人的身心产生了负[B副]面的影响。,200405680519250031,马来西亚,2,200405,吸烟对个人健康和公众利益的影响,70,95,58,60,72,348,C,
再加上，如果妻子{CD是}怀有胎儿的话，直接地会影响到腹中的胎儿，影响到胎儿的发育过程。,200405680519250031,马来西亚,2,200405,吸烟对个人健康和公众利益的影响,70,95,58,60,72,348,C,
因此，近年来各国反吸烟运动，也以减少年轻吸烟人口为目标，例如严[C]格禁止出售{CC售卖}香烟给十八岁以下的青少年。,200405680519150036,马来西亚,1,200405,吸烟对个人健康和公众利益的影响,80,95,85,83,94,432,A,
我认为只要正确的思想灌输{CJy}，及生活上多方面的关怀，适当的男女社交活动不被禁止，那么男女同班制根本不会带来不良后果。,200504534519250040,马来西亚,2,200504,我对男女分班的看法,70,80,67,62,73,342,C,
家长应该试着了解孩子的心情，相信孩子在不会影响学业和生活的条件下，放心{CC放胆}地让他们谈一谈恋爱。,200504534533250046,新加坡,2,200504,我对男女分班的看法,85,80,84,71,86,399,B,
其实，家长的顾虑不是没有道理。,200504534533150054,新加坡,1,200504,我对男女分班的看法,70,80,84,82,100,406,B,
回忆起在校的日子，我发现女校的女生行为较为毫无忌弹，言语也较自由开放。,200504534533250116,新加坡,2,200504,我对男女分班的看法,95,75,76,78,86,405,B,
有时，一个男生和一个女生感情很要好，但这不能表示这就是早恋！,200504534533250130,新加坡,2,200504,我对男女分班的看法,70,85,70,73,64,354,B,
就孩子还不上学的那段时间来说，他所有从外来的新印[C]象都是由父母控制的：给他买什么玩具[B意]，让他看什么电视节目等。,200505109606200007,比利时,2,200505,父母是孩子的第一任老师,85,85,56,61,69,351,C,
所以，我[C]认为父母不仅是孩子的第一任老师，而且是在孩[C]子的人生里最伟大的老师。,200505109525100467,日本,1,200505,父母是孩子的第一任老师,65,85,53,59,71,323,C,
父母的态度与孩子的性格之形成也有关系。,200505109525100578,日本,1,200505,父母是孩子的第一任老师,65,65,79,72,64,329,C,
所以知道幸福的家庭是什么样的，又知道幸福的生活是什么样的。,200505109525200893,日本,2,200505,父母是孩子的第一任老师,80,75,55,65,64,330,C,
对[C]我[C]来说[C]，爸爸真是我[C]的第一任老师。,200505109525201138,日本,2,200505,父母是孩子的第一任老师,60,75,57,62,78,318,未参加,
因此，一直到我成年的时候我对自己没有信心，做事总是看别人的脸色{CC颜色}才能做[C]。,200505109525201254,日本,2,200505,父母是孩子的第一任老师,70,70,64,49,83,324,C,
如果自己的父母做得不好，那差不多他们{CQ的}孩子也会发生一样的结果。,200505109510101332,朝鲜,1,200505,父母是孩子的第一任老师,75,65,57,51,48,283,未参加,
主要的是，让孩子无意识中感到，体会到一些道理。,200505109525201338,日本,2,200505,父母是孩子的第一任老师,75,70,66,58,64,322,C,
这个说明{CC表示}了父母是孩子的一位老师。,200505109525101584,日本,1,200505,父母是孩子的第一任老师,50,65,46,47,58,247,未参加,
孩子也有自己的个性，从同学们{CJ-zxy那里}学来不少东西，老师们、电视等也有影响，孩子不听话的话，也未必是父母之过。,200505109604101672,奥地利,1,200505,父母是孩子的第一任老师,60,75,54,51,74,300,未参加,
虽然父母的兴趣爱好、思想观念和行为举止的好与坏都对孩子有影响，但是不是唯一{CJsd}。,200505109616101922,德国,1,200505,父母是孩子的第一任老师,70,45,35,45,54,230,未参加,
因为生活环境、思想观念，还有父母的喜好对孩子的成长有一定的影响，而这影响是对孩子有利还是有害就看{CC1视乎}个人的看法了。,200505109922201930,美国,2,200505,父母是孩子的第一任老师,80,65,67,59,74,333,C,
对现在的我来说，他们不是小时候的第一任老师，而是现在也教我的、[BC，]有现实性的两个老师。,200505109525202135,日本,2,200505,父母是孩子的第一任老师,60,55,37,45,54,232,未参加,
父母对孩子的影响非常大，所以轮到我做为母亲的时候[C]，我要好好注意我的行为。,200505109525202335,日本,2,200505,父母是孩子的第一任老师,70,75,66,72,73,345,C,
我父母在泰国出生，但是他们本身是中国人。[BC，],200505109529202511,泰国,2,200505,父母是孩子的第一任老师,70,65,56,53,50,280,未参加,
那答案当[B赏[F賞]]然不是单[F單]方面的。,200505109922102600,美国,1,200505,父母是孩子的第一任老师,75,50,37,37,56,239,未参加,
父母的一种责任也是提供对外面社会的一种保护[B户]。,200505204610200383,法国,2,200505,父母是孩子的第一任老师,95,65,61,51,54,318,C,
家庭环境、[BC，]父母的兴趣爱好、[BC，]思想观念等等也正是我们所最先接触到的，是一种无形{CC2无意识形态}的早期教育！,200505217610200176,法国,2,200505,父母是孩子的第一任老师,90,95,69,77,87,416,B,
很多人认为这是不一定的，他们说如果是这样的话[BQ，]为什么孩子没有跟他们一样的兴趣而有的时候完全相反{CC绝对反相}的{CJs}。,200505217651200234,,2,200505,父母是孩子的第一任老师,80,75,54,57,58,315,C,
而七情六欲[F慾]则[F則]是控制人类走向光明大道还是步入歧途深渊的重大因素。,200505522522150023,缅甸,1,200505,最理想的结交方式,80,90,84,64,84,397,B,
每个人步入成年后，在感情方面，都会需要与[B于[F於]]他共同[L]走完人生的伙伴，[BC。]所以都会结交异[F異]性的朋友。,200505522522250041,缅甸,2,200505,最理想的结交方式,65,65,68,58,79,319,C,
每一个人在成长的过程中都受到两种教育。,200505209542200100,越南,2,200505,父母是孩子的第一任老师,70,90,78,71,78,380,B,
不良环境对他的成长会带来不好的结果。,200505201540200302,印度尼西亚,2,200505,父母是孩子的第一任老师,60,80,71,63,69,330,C,
父母的兴趣爱好、思想观念，行为举止，无一不是从幼年就开始{CQ在孩子}心目中打下了深深的烙印。[BD》],200505201542200068,越南,2,200505,父母是孩子的第一任老师,95,75,67,51,89,372,C,
我们都要记得：养孩子不可以随便，要花很多时间来教育他，跟他玩，提高他的知识水平，给他讲一些故事，讲自己的经历。,200505225635200041,俄罗斯,2,200505,父母是孩子的第一任老师,80,90,69,61,69,364,C,
希望能早日收到您的回信。,200509534533250036,新加坡,2,200509,一封求职信,85,85,77,53,95,390,C,
谢谢！,200509534533250077,新加坡,2,200509,一封求职信,80,75,82,80,93,401,B,
我的地址是样林路22新加坡邮区123456。,200509534533250121,新加坡,2,200509,一封求职信,70,65,63,42,48,274,未参加,
至于我的成绩，也是不错的。,200509534533250144,新加坡,2,200509,一封求职信,75,70,75,60,79,348,C,
我想在贵公司当一名广告设计师，为公司设计平面、[BC，]电子等广告。,200509534533150170,新加坡,1,200509,一封求职信,70,75,59,58,97,348,C,
对本人的联系地址如下：88号裕廊大道#08-80新加坡邮区244886本人会期待李先生的答复。,200509534533250188,新加坡,2,200509,一封求职信,0,65,77,55,91,281,未参加,
我非常喜欢流行歌曲，崇[C]拜我喜欢的歌星。,200510111801200201,澳大利亚,2,200510,我看流行歌曲,95,90,79,83,100,446,A,
有些人非常喜欢流行歌曲，但是有些人不喜欢流行歌曲。,200510111523100822,韩国,1,200510,我看流行歌曲,65,85,60,52,72,324,C,
我[C]们既可以享受[B手]音乐，又{CC既}可以享受[B手]帅或漂亮的歌星的样子。,200510111523200815,韩国,2,200510,我看流行歌曲,65,80,49,54,62,298,C,
我也常常听流行歌曲，所以我喜欢流行歌曲。,200510111523200844,韩国,2,200510,我看流行歌曲,60,70,51,50,52,268,未参加,
流行歌曲就是我的第二个朋友，每天都会在我的耳朵边围绕着。,200510111523200894,韩国,2,200510,我看流行歌曲,60,85,53,61,67,315,未参加,
应该不会吧。,200510111523101055,韩国,1,200510,我看流行歌曲,60,60,53,34,47,236,未参加,
最近在舞厅、长拉OK厅、咖啡厅、餐厅、商场、路上到处都能听到流行歌曲。,200510111523201058,韩国,2,200510,我看流行歌曲,65,65,51,56,59,280,C,
现在想这是[B时][BD，]我人生中一个有意义的事情。,200510111523201067,韩国,2,200510,我看流行歌曲,55,45,56,38,52,223,未参加,
如果他们喜欢的歌星举行演唱会的时候[L]，他们不去上课，就去那歌星的那儿。,200510111523201244,韩国,2,200510,我看流行歌曲,55,60,30,48,55,229,未参加,
”总之，{WWJ},200510111523101248,韩国,1,200510,我看流行歌曲,50,55,42,38,50,214,未参加,
流行歌曲的产生{CC发生}是很自然的。,200510111523201262,韩国,2,200510,我看流行歌曲,55,60,44,38,67,245,未参加,
流行歌曲的作词家{CD经常}作词时，经常写关于爱情的，比如有一个人喜欢某个人，但他却没有勇气向她表白，谈恋爱过程中的幸福，一对恋人分手后的感觉[BD，]什么的[BQ。]我平时听某首歌，无动于衷，就喜欢歌手的声音，不过要是我真正遇到了像歌词一样{CQ的}情况，眼泪就没多久{CQ流}出来。,200510111523201274,韩国,2,200510,我看流行歌曲,65,65,65,48,69,296,C,
看这两{CD种}小{CJX}件事，流星歌曲是{CJX}对我来说很重要的爱好之一。,200510111523201846,韩国,2,200510,我看流行歌曲,65,60,51,40,52,251,未参加,
有许多父母对[F對]孩子总[F總]是有求必应[F應]，但过[F過]度的宠[F寵]溺却[F卻]反而害了孩子。,200510919919250020,加拿大,2,200510,父母是孩子的第一任老师,90,85,68,85,100,425,B,
让[F讓]孩子们[F們]感受到阅[F閱]读[F讀]的益处[F處]而从[F從]中可以得{CD其}好处[F處]，训练[F練]思想和态[F態]度，使他们[F們]能够[Y夠]有修养[F養]地结交良朋益友，为[F為]将来打好基础[F礎]。{CJ-dy孩子的},200510919919150024,加拿大,1,200510,父母是孩子的第一任老师,65,85,53,65,85,343,C,
他们的一言一行[BD，]点点滴滴{CQ地}滋润着孩子的成长。,200510919919250004,加拿大,2,200510,父母是孩子的第一任老师,85,95,77,68,96,417,B,
美丽的[B地]人生是它在一旁帮[C]着我的。,200510512512150015,菲律宾,1,200510,我看流行歌曲,85,55,60,50,82,319,未参加,
不过，在西方有一种哲理大概可以翻译为“道理论”或“思维论”。,200510956501130001,中国,1,200510,父母是孩子的第一任老师,90,95,77,68,88,416,B,
流行歌曲主要唱祖国、社会、爱情，唱出来让人自豪、憎恨、同情。,200510520520150003,蒙古国,1,200510,我看流行歌曲,70,60,60,44,62,281,未参加,
就是唱一些男女之间的矛[B予]盾[BQ，]你们从小就[C]应该学习歌唱祖国的歌曲。[BC，],200510520520150010,蒙古国,1,200510,我看流行歌曲,65,70,70,36,59,286,未参加,
一些长辈常责骂我们这一代的流行歌曲是破坏{CC贩坏[C]}传统好音乐的罪魁祸首{CC4货手}，我不这样认为。,200510520520250009,蒙古国,2,200510,我看流行歌曲,80,75,77,65,91,379,B,
相对而言，最近流行的大部分的内容是对社会的批[C]评或者自己的思想等。,200510302523100019,韩国,1,200510,我看流行歌曲,65,65,44,44,64,266,未参加,
我认为像我这样只是喜欢听流行歌曲也挺好的。,200510302523200049,韩国,2,200510,我看流行歌曲,85,80,46,61,77,342,C,
你们也是这样想吗？,200510302523200060,韩国,2,200510,我看流行歌曲,75,60,44,42,32,239,未参加,
特别是，对高中学生来说这是很重要的沟[C]通手段。,200510302523100083,韩国,1,200510,我看流行歌曲,60,55,67,48,77,288,未参加,
现在的人们喜欢自由和突出个性来展现自己。,200510302523100086,韩国,1,200510,我看流行歌曲,80,85,83,65,84,391,B,
我[C]喜欢[C]，就够了，别人不[C]喜欢[C]也没[C]有关系。,200510302523200122,韩国,2,200510,我看流行歌曲,65,70,51,36,57,265,未参加,
这现象[B像]是好的。,200510302523200134,韩国,2,200510,我看流行歌曲,60,55,32,20,20,168,未参加,
随着社会的发展，也同时带动了文艺业的发展。,200510302523100203,韩国,1,200510,我看流行歌曲,80,75,88,69,89,392,B,
我认为现在流行的歌曲肯定代表现代人们的生活方式和观念。,200510302523200210,韩国,2,200510,我看流行歌曲,75,65,65,46,67,305,C,
大人们认为关于爱情的歌词影响青少年的健康成长，但我想对大人们说，歌词只是歌词而已[C]。,200510302523200212,韩国,2,200510,我看流行歌曲,75,65,58,52,69,306,C,
为什么我说，我只有和妈妈与妹妹生活呢？,200510540540200001,印度尼西亚,2,200510,我看流行歌曲,80,70,42,24,47,253,未参加,
但时代不同，歌曲也有所变化，现代的流行歌曲大致词语比较简单，语序不规范，对老年人不太适用，但却取得广大青年{CC年青}的喜爱，他们认为这象征着他们年青一代的热气飞腾的性格，因此很适于他们的生活风气[BQ，]{CQ能}表现活泼的精神。,200510540540100013,印度尼西亚,1,200510,我看流行歌曲,75,85,51,77,72,353,C,
早上上学前我们扭开收音机收听早上的流行歌曲播送节目，下午学完了功[B工]课又再收听下午到晚上的流行歌曲播送节目。,200510540540200073,印度尼西亚,2,200510,我看流行歌曲,60,70,39,32,77,263,未参加,
相遇就是命运的一种缘分。,200505684542200004,越南,2,200505,最理想的结交方式,70,85,66,82,77,372,C,
只有一个原因，就是真爱没有理由。,200505680519250003,马来西亚,2,200505,最理想的结交方式,80,80,66,53,82,353,C,
人们说，爱情和生小孩会为我们打开不一样的人生视野，我希望自己可以{CJ-wy体验}。,200505680519250017,马来西亚,2,200505,最理想的结交方式,65,85,79,82,88,389,B,
但是[L]，在另外一对以{CQ与}他们完全相同的结交方式而展开婚姻旅途的夫妇，最终可能会发现原来彼此个性相差太远，只因一时冲动而忽略了深入了解的重要性。,200505680519250020,马来西亚,2,200505,最理想的结交方式,70,90,86,84,95,418,B,
人类是大自然所造就的{CC3做}，大自然也就是人类的第一任老师。,200510600919115001,加拿大,1,200510,父母是孩子的第一任老师,90,75,65,79,68,371,B,
”我非常感谢[BD，]到今天[BD，]你们对我的理解和支持。,200104124525100057,日本,1,200104,一封写给父母的信,80,65,74,61,76,344,C,
妹妹呢？,200104124525200067,日本,2,200104,一封写给父母的信,65,75,44,39,33,243,未参加,
可我呢？,200104124523200075,韩国,2,200104,一封写给父母的信,75,70,63,58,47,302,C,
×××2001年4月15日即,200104124525200101,日本,2,200104,一封写给父母的信,70,50,33,42,47,225,未参加,
今天我暂时写到这里，最后祝您身体健康，万事如意。,200104124542100109,越南,1,200104,一封写给父母的信,80,65,77,51,67,328,C,
虽然现在我是二十八岁，但我觉得我还没长大的小孩子{CJs}。,200104124523100156,韩国,1,200104,一封写给父母的信,70,75,38,39,47,258,未参加,
你们的女孩打算好好学汉语和日语，还有英语。,200104124523200158,韩国,2,200104,一封写给父母的信,70,90,58,35,56,302,未参加,
你们最近过得怎么样？,200104124523200272,韩国,2,200104,一封写给父母的信,65,70,36,23,49,229,未参加,
亲爱的爸爸[C]、妈妈：你们好！,200104124542200356,越南,2,200104,一封写给父母的信,90,75,77,58,88,382,B,
爸、妈我真希望你们能答应我，让我在这里再留{CD下}两、三年。,200104124540200391,印度尼西亚,2,200104,一封写给父母的信,70,70,60,39,61,288,未参加,
她是一个多才多艺的人。,200104124523100457,韩国,1,200104,一封写给父母的信,70,85,49,61,51,308,C,
以前我到{CQ过}巴黎[B里][BQ，]在一个有名的服装学院里留[C]学两年{CJX}了。,199200003525200011,日本,2,199200,一封求职信,,,0,0,0,0,未参加,
在中国居住三年多{CQ了}，已具有较高的汉语水平，并已在北京语言学院得到学士学位。,199200003634100009,英国,1,199200,一封求职信,,,0,0,0,0,未参加,
因为，除了服装设计以外[BQ，]{CD的}其他[B它]业务都{CJX}对我不合适。,199200204525200019,日本,2,199200,一封求职信,,,0,0,0,0,未参加,
我希望一辈子在服装{CD的}工作{CQ中}发挥本领{CC本事}[BQ。],199200204525100041,日本,1,199200,一封求职信,,,0,0,0,0,未参加,
我认为这是丈夫给妻子最后的礼物。,199604123523200285,韩国,2,199604,如何看待“安乐死”,65,75,45,44,42,258,未参加,
我觉得法律学家和医生们要商量这个问题。,199604124635100105,俄罗斯,1,199604,如何看待“安乐死”,60,55,45,47,44,232,未参加,
假如[BD，]孩子不好，那就能[C]跟她家人，包括她孩子来说一说。,199604123529100209,泰国,1,199604,如何看待“安乐死”,60,65,24,39,34,205,未参加,
谁愿意杀自己酷爱的人，这就等于说谁愿意{CJ-sy看着}自己喜欢的人受痛苦。,199604123523100268,韩国,1,199604,如何看待“安乐死”,60,55,42,42,47,227,未参加,
那样的话有什么好结果呢？[BC.],199604123523200207,韩国,2,199604,如何看待“安乐死”,60,70,50,57,34,255,未参加,
可是丈夫也有一些错。,199604124525200206,日本,2,199604,如何看待“安乐死”,60,70,61,76,70,321,C,
“想死”和“不想死”是一样的吗？,199604124525200342,日本,2,199604,如何看待“安乐死”,65,80,77,79,88,377,B,
我们也说他们想法太古老。,199610550523190038,韩国,1,199610,如何解决“代沟”问题,65,50,75,34,61,266,未参加,
我说服了我爸爸。,199610550523290037,韩国,2,199610,如何解决“代沟”问题,60,70,44,48,47,254,未参加,
而另外一个[F個]方法是多容忍及多谅[F諒]解对[F對]方。,199611543501200534,中国,2,199611,如何解决“代沟”问题,70,80,73,63,84,360,C,
在每一个[F個]时[F時]代、每个社会里[F裡]都难[F難]免有代沟的情况出现，针[F針]对这[F這]问[F問]题我个[F個]人有以下一些建议[F議]：一〕很多时[F時]候代沟的出现[F現]是由于[F於]价值观念的不同，因为[F為]父母与[F與]子女所经历{CQ的}、所受教育及经济[F濟]状[F狀]况不同。,199611543501100505,中国,1,199611,如何解决“代沟”问题,90,85,75,69,78,394,B,
这三兄弟从此各怀鬼胎，老二没有货送出，{CJba}{CD而}却把客户订购的货品拿回家中去。[BC，],199603533533200008,新加坡,2,199603,由“三个和尚没水喝”想到的……,85,80,58,58,77,351,C,
我们的社会，应该[F該]培养小孩{CJX}从小就群策群力的观[F觀[C]]念。,199603533533200013,新加坡,2,199603,由“三个和尚没水喝”想到的……,85,90,83,58,82,394,B,
这天也是一家人周末的相聚{CC集合}。,199603533519200084,马来西亚,2,199603,由“三个和尚没水喝”想到的……,80,75,74,67,70,357,B,
又如“[BC「]天下没[C]有白吃的午餐”[BC」]。,199604680519100517,马来西亚,1,199604,由“三个和尚没水喝”想到的……,80,65,60,54,51,298,C,
“一个和尚挑水喝，两个和尚打水喝，三个和尚没水喝”[BQ，]这个故事正像以前计划经济下的中国。[BC.],199605104523100043,韩国,1,199605,由“三个和尚没水喝”想到的……,75,80,63,67,61,337,C,
人类就是这样的动物。,199605104523200042,韩国,2,199605,由“三个和尚没水喝”想到的……,85,65,63,70,65,337,C,
我本人也将{CC1将来}从事教育工作。,199605104525100044,日本,1,199605,由“三个和尚没水喝”想到的……,65,70,91,79,82,373,C,
后来，我[C]才[C]明白{CD了}，曾经我[C]爸爸、妈妈提到的“身教”是什么意思。,199605104523200063,韩国,2,199605,由“三个和尚没水喝”想到的……,65,65,60,70,63,307,C,
第二个和尚来的时候，第一个和尚一定感到高兴。,199605104525200070,日本,2,199605,由“三个和尚没水喝”想到的……,60,50,58,51,61,260,未参加,
但后来那个庙里有3个和尚时，人与人之间[BD，]突出{CJX}矛[C]盾，每个人{CC3个人}的脑里有别[C]人替自己抬水{CJ-zxy的想法}。,199605104523200079,韩国,2,199605,由“三个和尚没水喝”想到的……,70,60,63,63,56,297,C,
不过，出乎他的意料，{CD在}这里没有水。,199605104525100084,日本,1,199605,由“三个和尚没水喝”想到的……,65,70,55,70,75,321,C,
一个人能{CC会}顺利做的工作，人越多越不好办了，[BC。]我想这个原因在于{CC2在}人的本身。,199605104525200080,日本,2,199605,由“三个和尚没水喝”想到的……,60,60,33,45,37,217,未参加,
人们的生活越方便，自然环境越坏。,199605104523100134,韩国,1,199605,由“三个和尚没水喝”想到的……,55,65,52,47,63,264,未参加,
总的来说，我觉得“三个和尚”的故事让我们想[B醒]起协动的重要性。,199605104523200136,韩国,2,199605,由“三个和尚没水喝”想到的……,65,65,52,58,63,287,C,
各[B个]人把他们各[B个]人的力量结合起来，可以把{CC办}所有的事情办得比较顺利。,199605104604200158,奥地利,2,199605,由“三个和尚没水喝”想到的……,70,60,63,60,68,306,C,
可是，如果你有别人可依靠{CC2靠}的话，情况可能{CJ-zy就}变了。,199605104525100195,日本,1,199605,由“三个和尚没水喝”想到的……,65,55,66,74,75,317,C,
为什么别人不用干，把这样麻烦的事偏偏放在我身上？,199605104525200191,日本,2,199605,由“三个和尚没水喝”想到的……,90,70,55,74,77,359,C,
我想在此指出的，不是哪个民族特质好这个问题，而是两个民族性质的差别很大这一点。,199605104525200233,日本,2,199605,由“三个和尚没水喝”想到的……,70,80,74,88,94,396,B,
我用{CC从}国家领导人{CD们}的行为{CD中}举{CC起[C]}了一个例子{CC比方}，不过这样的情况在我们的生活中经常看到[BQ，]而且会在自己的身边发生。,199605104523100260,韩国,1,199605,由“三个和尚没水喝”想到的……,70,70,69,74,84,355,C,
可是，他们{CJ-zy也}不想去看看{CJ-by怎么回事儿}，只等着{CC了}。,199605104523100276,韩国,1,199605,由“三个和尚没水喝”想到的……,60,55,30,54,65,245,未参加,
我在韩国的时候已经听说过{CQ和}这“三个和尚没水喝”类似的传说。,199605104523200278,韩国,2,199605,由“三个和尚没水喝”想到的……,70,70,71,51,51,301,C,
他说你长大以后无论是做哪一行业，一定要有{CC做}诚实的原则，而且你的事情别推{CC托}在别[C]人的身上。,199605104523100283,韩国,1,199605,由“三个和尚没水喝”想到的……,65,70,58,65,61,305,C,
现代，很多人愿意干比较轻松的工作，绝对不愿意{CJ-sy干}麻烦的。[BC，],199605104523200279,韩国,2,199605,由“三个和尚没水喝”想到的……,80,70,44,49,56,289,未参加,
但是只要我们有为{CC1为了}别人服务是伟大的事情{CJ-zxy的思想}，就能做到{CD的}。,199605104523200295,韩国,2,199605,由“三个和尚没水喝”想到的……,70,80,63,63,68,334,C,
公寓里的设[F設]备，人人都{CJ-sy有}权使用。,199605104542200312,越南,2,199605,由“三个和尚没水喝”想到的……,75,85,71,58,84,366,B,
拿[BD“]投票{CC选择}[BD”]来说，发达国家的投票率一般不到90%，有时[C]甚至还不到50%。,199605104523200329,韩国,2,199605,由“三个和尚没水喝”想到的……,85,70,74,76,70,366,B,
这就是没水喝的{CJ？}。,199605104525100347,日本,1,199605,由“三个和尚没水喝”想到的……,80,60,35,54,51,267,未参加,
他[C]也[C]很快地{CC的}成为他们的好朋友。,199605104540200352,印度尼西亚,2,199605,由“三个和尚没水喝”想到的……,75,70,44,42,58,278,未参加,
然后，两个和尚想个方法，等{CQ到}了老和[C]尚出去的那一天。,199605104525200365,日本,2,199605,由“三个和尚没水喝”想到的……,70,55,41,51,56,257,未参加,
这三个和尚的故事{CC传说}，虽然是个短篇，可是印象比较深刻的故事{CJs}。,199605104525200396,日本,2,199605,由“三个和尚没水喝”想到的……,70,60,77,56,80,328,C,
这不只超越了时代，还跨越了国家的界限{CC境界}。,199605104525200396,日本,2,199605,由“三个和尚没水喝”想到的……,70,60,77,56,80,328,C,
终于{CC终而}原来的长辈和尚召[B招]开了紧[C]急会议，讨论{CC谈论}采取什么样的方法来解决[C]喝[C]水问题。,199605550523290008,韩国,2,199605,由“三个和尚没水喝”想到的……,70,65,55,65,68,309,C,
我们如果一个{CJcd}每{CC一}个人都自己首先来办事情的话，未来可能是很好过{CJX}生活[B话]的！,199605550523190031,韩国,1,199605,由“三个和尚没水喝”想到的……,60,60,52,58,51,263,未参加,
所有的人{CQ都}愿意别人替自己吃点苦，而不愿意{CD让}自己吃苦。,199605550523290060,韩国,2,199605,由“三个和尚没水喝”想到的……,65,60,71,67,72,318,C,
一直[C]到现在我{CQ还}[C]记忆[F億]犹新。[BC，],199605550523290074,韩国,2,199605,由“三个和尚没水喝”想到的……,60,65,60,54,39,261,未参加,
这次，他们也照旧[B久]的方法去做，那就是，轮流下山去挑水。,199605529529250150,泰国,2,199605,由“三个和尚没水喝”想到的……,70,65,35,38,56,250,未参加,
那简陋的小木屋，那双手沾满肥皂泡的慈祥的母亲，那长年都一身肮脏的司机父亲，还有一个喜欢笑的姐姐，总是对我呵护有加，尽管家庭生活那么清苦，他们总把最好的留给我。,200110540540250120,印度尼西亚,2,200110,我的童年,75,90,71,70,88,388,B,
所以每天真正面对的人是她，而不是我亲[F親]生母亲[F親]。,200110540540250137,印度尼西亚,2,200110,我的童年,70,80,49,37,51,277,未参加,
毕业回国后，出任海洋广告公司的产品广告设计工作，并负责与客户的接洽工作。,199312533533200054,新加坡,2,199312,一封求职信,90,80,57,59,68,349,C,
我在1985年毕业于新加坡国立大学，主修华文。[BC.],199312533533200081,新加坡,2,199312,一封求职信,95,80,67,69,82,389,B,
我的联系地址：[BC；]北京市海淀区学院路13号00公寓,199312123525200208,日本,2,199312,一封求职信,60,55,53,43,39,231,未参加,
我英语学了一共10年了，其中4年在大学的英文系专门学习。,199312123525100310,日本,1,199312,一封求职信,60,75,57,43,52,273,未参加,
两个月以后调到江苏省某旅游公司当副经理。,199312124610200318,法国,2,199312,一封求职信,60,50,64,52,57,263,未参加,
相貌端正，也{CJX}表达力强，很熟悉中国历史。,199312123525100605,日本,1,199312,一封求职信,50,55,27,56,48,214,未参加,
我看了你们{CC您们}公司的招聘启事后，想在你们{CC您们}的公司工作而写信{CC写作}了。,199312123525100807,日本,1,199312,一封求职信,75,60,64,39,48,272,未参加,
本人会等待贵公司联[C]络。,199410550523101902,韩国,1,199410,一封求职信,80,65,62,54,82,332,C,
我想那一天是我记的父亲哭的一天吧。,199412123525200037,日本,2,199412,记我的父亲,60,90,62,63,45,310,C,
父亲一直鼓励{CJ-by我}[C][BQ，]{CD而}帮助我{CD的}学习。,199412123525200090,日本,2,199412,记我的父亲,60,60,49,30,47,228,未参加,
我听这些话时，我的眼泪下来{CQ了}。,199412124525100033,日本,1,199412,记我的父亲,65,65,52,46,45,257,未参加,
我的父亲是工程师。,199412124914100036,古巴,1,199412,记我的父亲,50,60,41,34,37,202,未参加,
那时候他受伤了。,199412124525200051,日本,2,199412,记我的父亲,65,65,52,48,41,255,未参加,
这是真的。,199412124525200061,日本,2,199412,记对我影响最大的一个人,60,65,62,57,55,282,C,
我一直想[BQ：]学习、工作都是为自己而做的。,199412124525100058,日本,1,199412,记对我影响最大的一个人,80,80,81,57,76,366,B,
她的脸上经常带着微笑。,199412104523200637,韩国,2,199412,记对我影响最大的一个人,80,70,70,71,76,357,B,
”“真？,199412104525200694,日本,2,199412,记对我影响最大的一个人,65,60,78,75,72,333,C,
那时我妈一个月两三次{CD左右}把好吃的带来给我吃。,199412104523200659,韩国,2,199412,记对我影响最大的一个人,60,70,73,48,63,299,未参加,
从小他支持我们学习，尤其{CC由于}汉语，他说：“我们是中国人，要会汉语[BQ。]”[BD。]所以请了老师来家里教我[C]们。,199412104801200642,澳大利亚,2,199412,记对我影响最大的一个人,60,60,41,26,35,204,未参加,
作为一位知心的朋友，作为一位真诚的同学，也作为一位热情的恋人，他给我{CJX}{CD付出}了太多的帮助。,199412104523200107,韩国,2,199412,记对我影响最大的一个人,65,90,60,59,78,343,C,
学[F學]习[F習]每一种[F種]语[F語]言，都有其苦与[F與]乐[F樂]。,199409543634100202,英国,1,199409,学习汉语的苦与乐,80,75,62,73,70,351,B,
打从我懂事以后，就知道他起早摸黑，日赶[F趕]夜赶[F趕]地{CC的}挣钱养家。,199500533533100025,新加坡,1,199500,记对我影响最大的一个人,80,90,78,71,90,404,B,
有一回，作文题[C]目是《[BC“]我最难忘的一天》[BC”]，懒[F懶]惰的我竟[B竞]把一篇课文抄下来，只作了些微的修改便交上去{CQ了}。,199500533533200085,新加坡,2,199500,记对我影响最大的一个人,65,90,83,67,90,386,B,
在我三十年的人生旅途上，对我的心理与思维方式影响最大的要数于觉静[F靜]先生了。,199500533533200102,新加坡,2,199500,记对我影响最大的一个人,85,80,83,79,76,396,B,
记[F記]得我念[F唸]小学时[F時]，很调[F調]皮，[BC。]又懒惰。,199500533540200105,印度尼西亚,2,199500,记对我影响最大的一个人,70,95,78,65,92,393,C,
佼亲早年南下来到{CC4南来}印尼，就从和母亲一起从事教育工作，当年陈嘉庚先生——[BC—]集美学校校长{CC校主}到印尼玛琅避难时，我爸爸本来也应允分担保护校长{CC校主}的工作，后因为已有其它集美校友能够给予妥善的安排，才不需要他直接参与[B予]。,199500533540200109,印度尼西亚,2,199500,记对我影响最大的一个人,85,95,78,65,84,403,B,
眼前浮现着爸爸慈祥[B相]的脸，爸爸的淳淳教诲，给我今后{CQ的}生活{CD起了}很大的鼓励与极大的帮助。,199500533540200114,印度尼西亚,2,199500,记对我影响最大的一个人,55,60,46,46,63,251,未参加,
那年三月我终于进了著名的南洋女中附小插班{CQ上}二年级，学习上遇到许多困难，尤其是英文，自己又比其它同学大，很{CC多}不好意思，真想退学。,199500533533200126,新加坡,2,199500,记对我影响最大的一个人,90,80,70,59,78,372,B,
他的心可够狠[B恨]的。,199500533533200134,新加坡,2,199500,记对我影响最大的一个人,95,70,68,38,55,320,未参加,
李享利老师说[F説]：“[BC「]不说没有建设性{CC建设}的话。,199500533519200147,马来西亚,2,199500,记对我影响最大的一个人,95,85,75,48,59,360,C,
是啊！{CP要{CD不},199510512512100502,菲律宾,1,199510,记对我影响最大的一个人,80,85,59,66,73,357,B,
据[F據]我所知，一个[F個]人诞[F誕]生的时候也曾[C]{CJ-sy经历}很{CD大的}痛苦。,199510550523200922,韩国,2,199510,如何看待“安乐死”,80,85,76,70,75,380,B,
在法律上，丈夫是有罪，但在人情及现[F現]实[F實]上，这[F這]是可取的。,199511543501100513,中国,1,199511,如何看待“安乐死”,75,90,36,35,61,291,未参加,
在另一方面，我们[F們]可以好好利用这[F這]些资[F資]源去帮[F幫]助那些在贫[F貧]穷[F窮]中，在苦难[F難]中{CJ-by的人}[BQ，]{CQ让}{CQ他们}得到我们[F們]的关[F關]怀[F懷]和照顾[F顧]{CJjy}。,199511543501200516,中国,2,199511,如何看待“安乐死”,65,85,69,70,82,361,C,
基于[F於]以下的三个[F個]理由{CD来[F來]说[F說]}，我认[F認]为[F為]安乐[F樂]死是不可取的。,199511543501200569,中国,2,199511,如何看待“安乐死”,80,90,79,64,88,396,B,
季翔先生：本人从报刊得知贵公司欲聘请员工，因此书函贵公司，欲应聘贵公司职位。,199503680519100525,马来西亚,1,199503,一封求职信,80,75,74,77,99,396,B,
在校期间曾参加辩论比赛且{CC而}得亚军。,199503680519100525,马来西亚,1,199503,一封求职信,80,75,74,77,99,396,B,
3、本人也是柔佛州广告同业公会的理事，经常被派{CQ往}国、内外各地参观各项广告设计展，本人也曾夺得柔佛州广告设计奖{CQ于}1993年{CJX}，亚军。,199503682519100513,马来西亚,1,199503,一封求职信,85,80,43,62,82,345,未参加,
申请[F請]人×××谨[F謹]启[F啓]1995年3月19日本人联系地址：马[F馬]来[C]西亚[F亜]吉隆坡USJ9路门牌13号。,199503680519200548,马来西亚,2,199503,一封求职信,85,95,76,77,84,413,B,
全{CC具}家的事就是我的事[BQ。]你也是个女人，[BC.]嫁给别人之后你得好好儿的记着[BQ。]”从此以后我再也不敢说{CQ了}。,199505550523200911,韩国,2,199505,记对我影响最大的一个人,70,65,62,57,39,279,未参加,
我一直认为{CC以为}朋友是我最宝贵的人生这一条路的伙伴而且是最好的向[B乡]导。,199505550523100916,韩国,1,199505,记对我影响最大的一个人,70,65,62,65,65,313,C,
这种优美的语[F語]言文化，深深吸引了我。,199505529529100015,泰国,1,199505,学习汉语的苦与乐,90,95,88,87,99,457,A,
我一直{CQ以}来都喜欢[B欣]我国[C][C]的中国[C]文字，也许[F許]是{CQ因为}{CJ-zhuy我}{CJ-sy是}一个有中国血统的炎黄{CC黄炎}子孙[F孫]吧！,199505529529200085,泰国,2,199505,学习汉语的苦与乐,70,80,52,41,59,292,未参加,
这就是我学习汉语的苦乐之处。,199505529529200108,泰国,2,199505,学习汉语的苦与乐,75,85,45,56,77,331,未参加,
[C]依赖[C]于美国[C]和日本，还有对日逆差的幅度也越来越大，北朝鲜的核武[C]器等朝鲜[C]半岛[C]的危机也很深。P},199505104523100022,韩国,1,199505,记对我影响最大的一个人,75,80,62,65,63,336,C,
我慢慢儿长大{CQ了}，各方面都看着妈妈，听着她的话成长起来。,199505104523200084,韩国,2,199505,记对我影响最大的一个人,65,80,65,53,65,316,C,
因为，一般来说，{CD从}小时候孩子跟母亲在一起的时候最长。,199505104525200104,日本,2,199505,记对我影响最大的一个人,60,60,75,61,76,314,未参加,
当我国跟中国还[F還]没有建交时，一般人不选[F選]择中文，而选[F選]择英文、德文以及日文。,199505104523100125,韩国,1,199505,记对我影响最大的一个人,70,80,81,57,59,337,C,
在上述的两个方面，即我的工作和我的人生观[F覌]{CJ-zxy方面}，对我影响最大的人是我的父亲[F親]。,199505104523100125,韩国,1,199505,记对我影响最大的一个人,70,80,81,57,59,337,C,
我也想当一个令别人{CQ受}影响的{CD一个}女性。P},199505104525200132,日本,2,199505,记对我影响最大的一个人,65,65,17,48,47,226,未参加,
我在上小学的时[C]候[BQ，]我的父亲突[C]然去世[B失]了。,199505104523100147,韩国,1,199505,记对我影响最大的一个人,65,65,57,50,45,266,未参加,
晚上老师给我打话说：“有海，你每天练得不错，这个成绩不是偶然，而是你自己争[B挣]取来的，真恭喜你[BQ，]下次还要加油！,199505104525200144,日本,2,199505,记对我影响最大的一个人,70,80,83,57,55,335,C,
咱们一起来打吧！,199505104525100160,日本,1,199505,记对我影响最大的一个人,70,75,81,71,74,360,B,
现在，我已经开始工作了。,199505104525200155,日本,2,199505,记对我影响最大的一个人,65,90,70,83,80,379,B,
没错，[BC.]但是我尊敬他。[BC.],199505104525200194,日本,2,199505,记对我影响最大的一个人,60,75,23,46,59,249,未参加,
肯定会{CC是[C]}带[C]来好结[C]果，也{CJ-zy会}提高自己的思[C]考能力。,199505104525200211,日本,2,199505,记对我影响最大的一个人,65,65,46,73,67,300,C,
”我认为鲁迅[C]先生是我的人生的老师。,199505104525100250,日本,1,199505,记对我影响最大的一个人,50,60,33,53,49,225,未参加,
他[C]的办法是三段式。,199505104525200245,日本,2,199505,记对我影响最大的一个人,70,60,68,65,63,311,C,
”对工作的看法，我受{CQ了}老师的影响。,199505104525200252,日本,2,199505,记对我影响最大的一个人,70,60,62,73,69,319,C,
我很感谢他给我的帮助和友谊。,199505104523200269,韩国,2,199505,记对我影响最大的一个人,75,65,70,61,45,303,C,
文盲这个名词也使我体[B休]会到父亲的痛苦，一封普通的信[F伩]也要请求别人帮[F幫]忙。[BC，],199508680519200525,马来西亚,2,199508,记对我影响最大的一个人,85,75,68,46,51,317,C,
这件事对已经毕业的中级教练来说[D来]毫不相干{CC毫无相干}。,199508682519100544,马来西亚,1,199508,记对我影响最大的一个人,75,85,86,73,84,396,B,
由于我体质比较[F較]差，所以很少参加一些体育运[F運]动。,200009542542200002,柬埔寨,2,200009,我的童年,65,70,69,74,96,360,C,
彼[B比]此之间[F間]如果可以抵[B低]消了心中的误[F誤]解，问[F問]题[F題]自然不会[F會]发[F發]生，离[F離]婚的意念就不会[F會]产生{CC2生}了。,200010801801250013,澳大利亚,2,200010,我对离婚问题的看法,80,70,67,70,65,342,C,
不过在社会上，离婚已经是一件非常普通的事了，因为有很多人都离婚了。,200010602801250007,澳大利亚,2,200010,我对离婚问题的看法,65,70,48,65,61,295,C,
即使好听点儿，丧失本来功能的话，那就{CJX}不等于没有存在意义了吗？,200005108525200307,日本,2,200005,关于用自然之声取代噪声的建议,65,75,70,85,82,364,B,
“以自然之声取代生活中经常听到的噪声”环境保护部门制定{CC打算}的这个计划{CC2案}一方面有好处，另一方面有坏处。,200005108525200349,日本,2,200005,关于用自然之声取代噪声的建议,70,65,59,83,63,326,C,
因为我从来没想到以取代生活中的噪音换成自然之声{CJba}。,200005108525200354,日本,2,200005,关于用自然之声取代噪声的建议,65,65,50,52,69,285,未参加,
这么一[B以]来就{CC不}会错过接电话吧。,200005108525200415,日本,2,200005,关于用自然之声取代噪声的建议,65,75,86,75,82,370,B,
就是噪音{CC吵音}问题，按科技发展，我们获得{CC获到}很多文明物质，特别多使用的是车子和手机，这两个物质造成的污染也是不能小看，先看手机，在我的国家，一个人带着一个手机是已经普遍[B扁]的事情。,200005108523100631,韩国,1,200005,关于用自然之声取代噪声的建议,70,65,48,60,54,283,C,
我对这个意见很赞成。,200005108525200704,日本,2,200005,关于用自然之声取代噪声的建议,70,70,70,83,50,331,C,
我也是，为了{CC2为}上下班，每天要坐火车。,199705104525100010,日本,1,199705,我的城市/乡村生活,70,70,46,72,68,314,C,
所以我们像我们城市的，星期天去郊区的乡村野炊一样，来城市娱乐、购物。,199705104525100093,日本,1,199705,我的城市/乡村生活,70,70,69,60,75,332,C,
一起来，头就又发出了不想上学的警[C]告，它就像[B象]铁做{CQ的}一样，又重又无色彩。,199705610501100014,中国,1,199705,我的城市/乡村生活,80,60,71,60,66,324,C,
城市生活和乡村生活是两种不同的生活。,199705610501100015,中国,1,199705,我的城市/乡村生活,85,60,83,70,68,354,C,
首先[B选]我们学了汉语的声调，这一点是{CJX}对我来说最难的地方了，因为韩国语根本没有什么声调，于是我感到很难。,199804123523200064,韩国,2,199804,学习汉语的苦与乐,65,80,63,57,54,307,C,
但是我应该会达到我的目标，[BC。]因为我对汉语有兴趣。,199804123523200122,韩国,2,199804,学习汉语的苦与乐,65,65,33,25,44,216,未参加,
我喜欢中国人[BQ，]尤其是我每{CQ一}位曾经教过我的汉语老师。,199804123529200138,泰国,2,199804,学习汉语的苦与乐,85,75,54,49,66,321,未参加,
我来北京{CJX}到学习汉语已经三年多了，一直在语言文化大学学习。,199804124523200328,韩国,2,199804,学习汉语的苦与乐,70,60,39,52,31,237,未参加,
这些方面都{CJX}对我来说是{CD个}学汉语的难点。,199804124523200332,韩国,2,199804,学习汉语的苦与乐,75,75,51,49,52,292,未参加,
当时我一边吃点心一边想应该更努力学习汉语。,199804124523200411,韩国,2,199804,学习汉语的苦与乐,80,75,54,57,58,315,C,
社会舆[B与]论[F論]，{CQ认为}目前的妇[F婦]女，一般是在家照顾[F顧]孩子和做家务[F務]，现[F現]在有好多的女强[F強]人也想出去工作，让自己也能有经济上的独立.最近几年，中国都市已出现[F現]了妇[F婦]女辞职的现[F現]象，是因为妇[F婦]女在外工作的话[F話]，就只顾[F顧]事业[F業]，一心一意的在外赚[F賺]钱[F錢]，家务事一切都不料理[BQ，]但也有{CJ-zxy的人}，[BC.]她[B他]虽然在外工作，回家时[F時]，也是{CC得}里里外外一把手。[BC，],199809542542200027,越南,2,199809,如何看待“妻子回家“,65,75,28,21,59,235,未参加,
我的将来会怎样？,199904123542100022,越南,1,199904,如何面对挫折,65,75,61,50,61,299,C,
”我十分同意他说的话。,199904123523100045,韩国,1,199904,如何面对挫折,70,65,56,39,41,257,未参加,
当我们遇到挫折时，我们并不能放弃或{CC而}怨天尤人。,199904123540200073,印度尼西亚,2,199904,如何面对挫折,60,65,39,42,48,237,未参加,
你首先要冷静地看情况如何[BQ，]最好把你的想法写在纸上，然后一边看你自己写出来的问题，一边考虑解决问题的办法。,199904124525100278,日本,1,199904,如何面对挫折,80,75,59,37,63,305,未参加,
我的{CJ+sy有}一个朋友嘲笑地说：“你到底有没有打算毕业？,199904124525200308,日本,2,199904,如何面对挫折,75,80,78,88,85,397,B,
因此我要强调父母和老师对孩子的培养{CC“长养”}{CJX}应该有强烈{CC强大}的责任感，孩子长大以后肯定十分感谢父母及老师，因为他在工作上能够从失败中吸取教训，把挫折变成动力，从而成为生活的强者。,199904124608100371,波兰,1,199904,如何面对挫折,65,65,50,47,61,272,未参加,
那么我们最好还是{CD应该}练好本领去面对那些困难{CD了}。,199909684542200051,越南,2,199909,如何面对挫折,80,75,62,48,67,323,C,
